6.55071e+06
-0
-286840
-0
7.8775e+06
0
-551834
0
4.50274e+06
6.55071e+06
-0
-286840
-0
7.8775e+06
0
-551834
0
4.50274e+06
6.55071e+06
-0
286840
-0
7.8775e+06
0
551834
0
4.50274e+06
6.55071e+06
-0
286840
-0
7.8775e+06
0
551834
0
4.50274e+06
-6.89145e+06
0
2.13314e+06
0
-3.68548e+07
0
1.19705e+06
0
-9.62703e+06
-6.89145e+06
0
2.13314e+06
0
-3.68548e+07
0
1.19705e+06
0
-9.62703e+06
-6.89145e+06
0
-2.13314e+06
0
-3.68548e+07
0
-1.19705e+06
0
-9.62703e+06
-6.89145e+06
0
-2.13314e+06
0
-3.68548e+07
0
-1.19705e+06
0
-9.62703e+06
-2.87273e+07
0
1.98221e+06
0
-7.03068e+06
0
2.87716e+06
0
-4.02013e+06
-2.87273e+07
0
1.98221e+06
0
-7.03068e+06
0
2.87716e+06
0
-4.02013e+06
-2.87273e+07
0
-1.98221e+06
0
-7.03068e+06
0
-2.87716e+06
0
-4.02013e+06
-2.87273e+07
0
-1.98221e+06
0
-7.03068e+06
0
-2.87716e+06
0
-4.02013e+06
-3.671e+06
0
2.22413e+06
0
-3.36124e+06
0
1.81657e+06
0
-1.33653e+07
-3.671e+06
0
2.22413e+06
0
-3.36124e+06
0
1.81657e+06
0
-1.33653e+07
-3.671e+06
0
-2.22413e+06
0
-3.36124e+06
0
-1.81657e+06
0
-1.33653e+07
-3.671e+06
0
-2.22413e+06
0
-3.36124e+06
0
-1.81657e+06
0
-1.33653e+07
