2.78194e+27
0
-1.40915e+26
-1.21663e+25
0
-9.89845e+25
-3.05045e+24
0
4.70822e+25
6.52745e+24
0
5.39252e+25
1.9263e+24
0
-1.97961e+25
1.32769e+24
0
-1.66446e+25
-1.6481e+26
0
-1.5713e+24
-3.63707e+25
0
-6.02104e+25
-2.28641e+27
0
1.20935e+26
1.91622e+25
0
1.35347e+24
4.28626e+23
0
-9.80132e+24
-6.07265e+24
0
-8.15471e+24
-2.87797e+26
0
1.78064e+26
-3.00425e+24
0
-1.3618e+25
-7.6554e+24
0
-5.47203e+24
-3.63179e+24
0
-2.63197e+25
0
9.79278e+26
0
0
-4.34154e+25
0
0
-3.69877e+24
0
0
2.63265e+23
0
0
-8.12896e+23
0
0
-3.01545e+23
0
0
-7.04856e+26
0
0
1.37584e+24
0
0
-1.45231e+25
0
0
2.03217e+24
0
0
1.09647e+24
0
0
-4.4843e+22
0
0
-2.03986e+26
0
0
-4.8018e+24
0
0
-6.86462e+24
0
0
-2.56299e+23
0
-1.40915e+26
0
6.28533e+27
-9.89845e+25
0
-3.88612e+26
-4.70822e+25
0
-4.16757e+26
-5.39252e+25
0
-4.2801e+26
-1.86751e+25
0
1.55212e+26
-1.81273e+25
0
1.50434e+26
-1.13876e+26
0
-7.46732e+26
3.40671e+25
0
3.33832e+25
7.92481e+25
0
-5.80831e+26
6.43472e+24
0
8.16078e+24
3.9731e+25
0
6.58641e+25
4.66518e+25
0
6.37604e+25
2.29602e+26
0
-4.75097e+27
-1.53903e+24
0
1.72002e+26
2.70751e+25
0
1.6348e+26
3.01548e+25
0
2.14118e+26
-1.21663e+25
0
-9.89845e+25
2.78194e+27
0
-1.40915e+26
6.52745e+24
0
5.39252e+25
-3.05045e+24
0
4.70822e+25
1.32769e+24
0
-1.66446e+25
1.9263e+24
0
-1.97961e+25
-3.63707e+25
0
-6.02104e+25
-1.6481e+26
0
-1.5713e+24
1.91622e+25
0
1.35347e+24
-2.28641e+27
0
1.20935e+26
-6.07265e+24
0
-8.15471e+24
4.28626e+23
0
-9.80132e+24
-3.00425e+24
0
-1.3618e+25
-2.87797e+26
0
1.78064e+26
-3.63179e+24
0
-2.63197e+25
-7.6554e+24
0
-5.47203e+24
-0
-4.34154e+25
-0
0
9.79278e+26
0
0
2.63265e+23
0
0
-3.69877e+24
0
0
-3.01545e+23
0
0
-8.12896e+23
0
0
1.37584e+24
0
0
-7.04856e+26
0
0
2.03217e+24
0
0
-1.45231e+25
0
0
-4.4843e+22
0
0
1.09647e+24
0
0
-4.8018e+24
0
0
-2.03986e+26
0
0
-2.56299e+23
0
0
-6.86462e+24
0
-9.89845e+25
0
-3.88612e+26
-1.40915e+26
-0
6.28533e+27
-5.39252e+25
0
-4.2801e+26
-4.70822e+25
0
-4.16757e+26
-1.81273e+25
0
1.50434e+26
-1.86751e+25
0
1.55212e+26
3.40671e+25
0
3.33832e+25
-1.13876e+26
0
-7.46732e+26
6.43472e+24
0
8.16078e+24
7.92481e+25
0
-5.80831e+26
4.66518e+25
0
6.37604e+25
3.9731e+25
0
6.58641e+25
-1.53903e+24
0
1.72002e+26
2.29602e+26
0
-4.75097e+27
3.01548e+25
0
2.14118e+26
2.70751e+25
0
1.6348e+26
-3.05045e+24
-0
-4.70822e+25
6.52745e+24
0
-5.39252e+25
2.78194e+27
0
1.40915e+26
-1.21663e+25
0
9.89845e+25
-1.6481e+26
0
1.5713e+24
-3.63707e+25
0
6.02104e+25
1.9263e+24
0
1.97961e+25
1.32769e+24
0
1.66446e+25
4.28626e+23
0
9.80132e+24
-6.07265e+24
0
8.15471e+24
-2.28641e+27
0
-1.20935e+26
1.91622e+25
0
-1.35347e+24
-7.6554e+24
0
5.47203e+24
-3.63179e+24
0
2.63197e+25
-2.87797e+26
0
-1.78064e+26
-3.00425e+24
0
1.3618e+25
-0
-3.69877e+24
0
0
2.63265e+23
-0
0
9.79278e+26
0
0
-4.34154e+25
0
0
-7.04856e+26
0
0
1.37584e+24
0
0
-8.12896e+23
0
0
-3.01545e+23
0
0
1.09647e+24
0
0
-4.4843e+22
0
0
-1.45231e+25
0
0
2.03217e+24
0
0
-6.86462e+24
0
0
-2.56299e+23
0
0
-2.03986e+26
0
0
-4.8018e+24
0
4.70822e+25
-0
-4.16757e+26
5.39252e+25
-0
-4.2801e+26
1.40915e+26
-0
6.28533e+27
9.89845e+25
0
-3.88612e+26
1.13876e+26
0
-7.46732e+26
-3.40671e+25
0
3.33832e+25
1.86751e+25
0
1.55212e+26
1.81273e+25
0
1.50434e+26
-3.9731e+25
0
6.58641e+25
-4.66518e+25
0
6.37604e+25
-7.92481e+25
0
-5.80831e+26
-6.43472e+24
0
8.16078e+24
-2.70751e+25
0
1.6348e+26
-3.01548e+25
0
2.14118e+26
-2.29602e+26
0
-4.75097e+27
1.53903e+24
0
1.72002e+26
6.52745e+24
0
-5.39252e+25
-3.05045e+24
-0
-4.70822e+25
-1.21663e+25
0
9.89845e+25
2.78194e+27
0
1.40915e+26
-3.63707e+25
0
6.02104e+25
-1.6481e+26
0
1.5713e+24
1.32769e+24
0
1.66446e+25
1.9263e+24
0
1.97961e+25
-6.07265e+24
0
8.15471e+24
4.28626e+23
0
9.80132e+24
1.91622e+25
0
-1.35347e+24
-2.28641e+27
0
-1.20935e+26
-3.63179e+24
0
2.63197e+25
-7.6554e+24
0
5.47203e+24
-3.00425e+24
0
1.3618e+25
-2.87797e+26
0
-1.78064e+26
0
2.63265e+23
0
-0
-3.69877e+24
-0
-0
-4.34154e+25
0
0
9.79278e+26
0
0
1.37584e+24
0
0
-7.04856e+26
0
0
-3.01545e+23
0
0
-8.12896e+23
0
0
-4.4843e+22
0
0
1.09647e+24
0
0
2.03217e+24
0
0
-1.45231e+25
0
0
-2.56299e+23
0
0
-6.86462e+24
0
0
-4.8018e+24
0
0
-2.03986e+26
0
5.39252e+25
0
-4.2801e+26
4.70822e+25
0
-4.16757e+26
9.89845e+25
-0
-3.88612e+26
1.40915e+26
0
6.28533e+27
-3.40671e+25
0
3.33832e+25
1.13876e+26
0
-7.46732e+26
1.81273e+25
0
1.50434e+26
1.86751e+25
0
1.55212e+26
-4.66518e+25
0
6.37604e+25
-3.9731e+25
0
6.58641e+25
-6.43472e+24
0
8.16078e+24
-7.92481e+25
0
-5.80831e+26
-3.01548e+25
0
2.14118e+26
-2.70751e+25
0
1.6348e+26
1.53903e+24
0
1.72002e+26
-2.29602e+26
0
-4.75097e+27
1.15534e+25
-0
-1.12008e+26
7.96313e+24
-0
-1.08723e+26
-9.88484e+26
-0
6.83e+26
-2.18141e+26
0
-2.04325e+26
3.9761e+27
0
-7.90853e+26
2.03129e+26
0
-2.20538e+25
6.12937e+24
0
4.02357e+25
4.58657e+24
0
4.05271e+25
-6.07139e+24
0
1.6261e+25
-7.94698e+24
0
1.7635e+25
-2.6301e+27
0
4.70698e+25
-5.05789e+26
0
5.29357e+22
-1.75623e+25
0
4.8842e+25
-7.25365e+24
0
4.82474e+25
1.54983e+26
0
1.3187e+26
1.83964e+25
0
1.64111e+26
0
-4.87553e+24
-0
0
-1.80858e+24
-0
-0
-4.22753e+27
0
0
8.25189e+24
0
-0
1.00139e+28
0
0
-2.31727e+27
0
0
-1.72985e+24
0
0
-2.19036e+24
0
0
6.56623e+24
0
0
9.01214e+23
0
0
-3.16221e+27
0
0
6.27779e+25
0
0
-4.08823e+23
0
0
-2.23478e+24
0
0
-3.15334e+26
0
0
-5.95491e+25
0
-1.18732e+26
-0
9.30918e+26
-9.98297e+25
0
9.02264e+26
9.42425e+24
0
-4.47869e+27
3.61125e+26
-0
2.00223e+26
-7.90853e+26
-0
5.4524e+27
-2.20538e+25
0
-3.80017e+26
-4.02357e+25
0
-3.20989e+26
-4.05271e+25
0
-3.29856e+26
1.05409e+26
0
-1.37741e+26
8.7073e+25
0
-1.37165e+26
4.96252e+26
0
7.88011e+26
-9.35391e+25
0
-3.5643e+26
7.83708e+25
0
-4.80856e+26
5.06733e+25
0
-4.29637e+26
2.56068e+26
0
-4.32128e+26
-2.38846e+26
0
-7.91057e+26
7.96313e+24
0
-1.08723e+26
1.15534e+25
0
-1.12008e+26
-2.18141e+26
-0
-2.04325e+26
-9.88484e+26
-0
6.83e+26
2.03129e+26
0
-2.20538e+25
3.9761e+27
0
-7.90853e+26
4.58657e+24
0
4.05271e+25
6.12937e+24
0
4.02357e+25
-7.94698e+24
0
1.7635e+25
-6.07139e+24
0
1.6261e+25
-5.05789e+26
0
5.29357e+22
-2.6301e+27
0
4.70698e+25
-7.25365e+24
0
4.82474e+25
-1.75623e+25
0
4.8842e+25
1.83964e+25
0
1.64111e+26
1.54983e+26
0
1.3187e+26
-0
-1.80858e+24
0
-0
-4.87553e+24
0
-0
8.25189e+24
-0
0
-4.22753e+27
-0
-0
-2.31727e+27
0
0
1.00139e+28
0
0
-2.19036e+24
0
0
-1.72985e+24
0
0
9.01214e+23
0
0
6.56623e+24
0
0
6.27779e+25
0
0
-3.16221e+27
0
0
-2.23478e+24
0
0
-4.08823e+23
0
0
-5.95491e+25
0
0
-3.15334e+26
0
-9.98297e+25
-0
9.02264e+26
-1.18732e+26
-0
9.30918e+26
3.61125e+26
0
2.00223e+26
9.42425e+24
-0
-4.47869e+27
-2.20538e+25
-0
-3.80017e+26
-7.90853e+26
-0
5.4524e+27
-4.05271e+25
0
-3.29856e+26
-4.02357e+25
0
-3.20989e+26
8.7073e+25
0
-1.37165e+26
1.05409e+26
0
-1.37741e+26
-9.35391e+25
0
-3.5643e+26
4.96252e+26
0
7.88011e+26
5.06733e+25
0
-4.29637e+26
7.83708e+25
0
-4.80856e+26
-2.38846e+26
0
-7.91057e+26
2.56068e+26
0
-4.32128e+26
-9.88484e+26
-0
-6.83e+26
-2.18141e+26
0
2.04325e+26
1.15534e+25
-0
1.12008e+26
7.96313e+24
-0
1.08723e+26
6.12937e+24
-0
-4.02357e+25
4.58657e+24
-0
-4.05271e+25
3.9761e+27
0
7.90853e+26
2.03129e+26
0
2.20538e+25
-2.6301e+27
0
-4.70698e+25
-5.05789e+26
0
-5.29357e+22
-6.07139e+24
0
-1.6261e+25
-7.94698e+24
0
-1.7635e+25
1.54983e+26
0
-1.3187e+26
1.83964e+25
0
-1.64111e+26
-1.75623e+25
0
-4.8842e+25
-7.25365e+24
0
-4.82474e+25
-0
-4.22753e+27
-0
0
8.25189e+24
-0
0
-4.87553e+24
0
0
-1.80858e+24
0
-0
-1.72985e+24
-0
0
-2.19036e+24
0
-0
1.00139e+28
0
0
-2.31727e+27
0
0
-3.16221e+27
0
0
6.27779e+25
0
0
6.56623e+24
0
0
9.01214e+23
0
0
-3.15334e+26
0
0
-5.95491e+25
0
0
-4.08823e+23
0
0
-2.23478e+24
0
-9.42425e+24
0
-4.47869e+27
-3.61125e+26
0
2.00223e+26
1.18732e+26
0
9.30918e+26
9.98297e+25
-0
9.02264e+26
4.02357e+25
-0
-3.20989e+26
4.05271e+25
-0
-3.29856e+26
7.90853e+26
0
5.4524e+27
2.20538e+25
0
-3.80017e+26
-4.96252e+26
0
7.88011e+26
9.35391e+25
0
-3.5643e+26
-1.05409e+26
0
-1.37741e+26
-8.7073e+25
0
-1.37165e+26
-2.56068e+26
0
-4.32128e+26
2.38846e+26
0
-7.91057e+26
-7.83708e+25
0
-4.80856e+26
-5.06733e+25
0
-4.29637e+26
-2.18141e+26
-0
2.04325e+26
-9.88484e+26
-0
-6.83e+26
7.96313e+24
0
1.08723e+26
1.15534e+25
0
1.12008e+26
4.58657e+24
0
-4.05271e+25
6.12937e+24
0
-4.02357e+25
2.03129e+26
0
2.20538e+25
3.9761e+27
0
7.90853e+26
-5.05789e+26
0
-5.29357e+22
-2.6301e+27
0
-4.70698e+25
-7.94698e+24
0
-1.7635e+25
-6.07139e+24
0
-1.6261e+25
1.83964e+25
0
-1.64111e+26
1.54983e+26
0
-1.3187e+26
-7.25365e+24
0
-4.82474e+25
-1.75623e+25
0
-4.8842e+25
-0
8.25189e+24
0
0
-4.22753e+27
-0
-0
-1.80858e+24
0
-0
-4.87553e+24
-0
-0
-2.19036e+24
0
0
-1.72985e+24
-0
-0
-2.31727e+27
-0
0
1.00139e+28
0
0
6.27779e+25
0
0
-3.16221e+27
0
0
9.01214e+23
0
0
6.56623e+24
0
0
-5.95491e+25
0
0
-3.15334e+26
0
0
-2.23478e+24
0
0
-4.08823e+23
0
-3.61125e+26
-0
2.00223e+26
-9.42425e+24
0
-4.47869e+27
9.98297e+25
0
9.02264e+26
1.18732e+26
0
9.30918e+26
4.05271e+25
-0
-3.29856e+26
4.02357e+25
-0
-3.20989e+26
2.20538e+25
0
-3.80017e+26
7.90853e+26
0
5.4524e+27
9.35391e+25
0
-3.5643e+26
-4.96252e+26
0
7.88011e+26
-8.7073e+25
0
-1.37165e+26
-1.05409e+26
0
-1.37741e+26
2.38846e+26
0
-7.91057e+26
-2.56068e+26
0
-4.32128e+26
-5.06733e+25
0
-4.29637e+26
-7.83708e+25
0
-4.80856e+26
-1.37133e+28
-0
4.75309e+26
1.1493e+26
0
3.85937e+25
2.57078e+24
0
-2.38296e+26
-3.64221e+25
0
-2.79804e+26
-6.07139e+24
0
1.05409e+26
-7.94698e+24
0
8.7073e+25
-2.6301e+27
0
-4.96252e+26
-5.05789e+26
0
9.35391e+25
1.77988e+28
0
-1.74158e+27
-9.11884e+25
0
4.47113e+25
-1.64096e+25
0
4.94784e+25
3.27438e+25
0
4.26435e+25
-1.01192e+27
0
1.57646e+27
3.45857e+25
0
9.72776e+25
1.09555e+25
0
7.82317e+24
1.966e+25
0
1.37709e+26
-0
-8.71058e+25
0
0
1.21884e+25
0
-0
6.57635e+24
-0
-0
-2.68956e+23
-0
-0
6.56623e+24
0
-0
9.01214e+23
0
-0
-3.16221e+27
-0
-0
6.27779e+25
0
0
3.01189e+27
0
0
-1.50063e+26
0
0
-2.49472e+24
0
0
1.90007e+23
0
0
3.18274e+26
0
0
1.78525e+25
0
0
-3.98528e+25
0
0
-6.05427e+23
0
7.25337e+26
0
-3.48366e+27
8.11776e+24
0
4.89461e+25
5.87856e+25
0
3.95035e+26
4.89097e+25
-0
3.82417e+26
1.6261e+25
0
-1.37741e+26
1.7635e+25
0
-1.37165e+26
-4.70698e+25
-0
7.88011e+26
-5.29357e+22
0
-3.5643e+26
-1.74158e+27
-0
3.65166e+27
4.47113e+25
0
-1.39071e+26
-4.94784e+25
0
-5.24701e+25
-4.26435e+25
0
-5.6633e+25
1.01823e+27
0
-2.98163e+26
-1.77278e+25
0
-1.36629e+26
-1.14485e+25
0
-2.64117e+26
-2.75726e+25
0
-1.93044e+26
1.1493e+26
-0
3.85937e+25
-1.37133e+28
-0
4.75309e+26
-3.64221e+25
-0
-2.79804e+26
2.57078e+24
-0
-2.38296e+26
-7.94698e+24
-0
8.7073e+25
-6.07139e+24
-0
1.05409e+26
-5.05789e+26
-0
9.35391e+25
-2.6301e+27
-0
-4.96252e+26
-9.11884e+25
-0
4.47113e+25
1.77988e+28
0
-1.74158e+27
3.27438e+25
0
4.26435e+25
-1.64096e+25
0
4.94784e+25
3.45857e+25
0
9.72776e+25
-1.01192e+27
0
1.57646e+27
1.966e+25
0
1.37709e+26
1.09555e+25
0
7.82317e+24
-0
1.21884e+25
-0
-0
-8.71058e+25
0
0
-2.68956e+23
-0
0
6.57635e+24
0
0
9.01214e+23
0
-0
6.56623e+24
0
0
6.27779e+25
-0
-0
-3.16221e+27
0
0
-1.50063e+26
0
0
3.01189e+27
0
0
1.90007e+23
0
0
-2.49472e+24
0
0
1.78525e+25
0
0
3.18274e+26
0
0
-6.05427e+23
0
0
-3.98528e+25
0
8.11776e+24
-0
4.89461e+25
7.25337e+26
0
-3.48366e+27
4.89097e+25
0
3.82417e+26
5.87856e+25
0
3.95035e+26
1.7635e+25
0
-1.37165e+26
1.6261e+25
-0
-1.37741e+26
-5.29357e+22
-0
-3.5643e+26
-4.70698e+25
0
7.88011e+26
4.47113e+25
-0
-1.39071e+26
-1.74158e+27
-0
3.65166e+27
-4.26435e+25
0
-5.6633e+25
-4.94784e+25
0
-5.24701e+25
-1.77278e+25
0
-1.36629e+26
1.01823e+27
0
-2.98163e+26
-2.75726e+25
0
-1.93044e+26
-1.14485e+25
0
-2.64117e+26
2.57078e+24
0
2.38296e+26
-3.64221e+25
0
2.79804e+26
-1.37133e+28
-0
-4.75309e+26
1.1493e+26
0
-3.85937e+25
-2.6301e+27
0
4.96252e+26
-5.05789e+26
0
-9.35391e+25
-6.07139e+24
0
-1.05409e+26
-7.94698e+24
0
-8.7073e+25
-1.64096e+25
0
-4.94784e+25
3.27438e+25
0
-4.26435e+25
1.77988e+28
0
1.74158e+27
-9.11884e+25
0
-4.47113e+25
1.09555e+25
0
-7.82317e+24
1.966e+25
0
-1.37709e+26
-1.01192e+27
0
-1.57646e+27
3.45857e+25
0
-9.72776e+25
-0
6.57635e+24
0
-0
-2.68956e+23
0
-0
-8.71058e+25
-0
-0
1.21884e+25
-0
-0
-3.16221e+27
0
-0
6.27779e+25
-0
0
6.56623e+24
-0
-0
9.01214e+23
-0
0
-2.49472e+24
-0
-0
1.90007e+23
-0
0
3.01189e+27
0
0
-1.50063e+26
0
0
-3.98528e+25
0
0
-6.05427e+23
0
0
3.18274e+26
0
0
1.78525e+25
0
-5.87856e+25
-0
3.95035e+26
-4.89097e+25
0
3.82417e+26
-7.25337e+26
-0
-3.48366e+27
-8.11776e+24
-0
4.89461e+25
4.70698e+25
0
7.88011e+26
5.29357e+22
0
-3.5643e+26
-1.6261e+25
-0
-1.37741e+26
-1.7635e+25
-0
-1.37165e+26
4.94784e+25
0
-5.24701e+25
4.26435e+25
-0
-5.6633e+25
1.74158e+27
0
3.65166e+27
-4.47113e+25
0
-1.39071e+26
1.14485e+25
0
-2.64117e+26
2.75726e+25
0
-1.93044e+26
-1.01823e+27
0
-2.98163e+26
1.77278e+25
0
-1.36629e+26
-3.64221e+25
-0
2.79804e+26
2.57078e+24
-0
2.38296e+26
1.1493e+26
-0
-3.85937e+25
-1.37133e+28
-0
-4.75309e+26
-5.05789e+26
-0
-9.35391e+25
-2.6301e+27
-0
4.96252e+26
-7.94698e+24
-0
-8.7073e+25
-6.07139e+24
-0
-1.05409e+26
3.27438e+25
-0
-4.26435e+25
-1.64096e+25
-0
-4.94784e+25
-9.11884e+25
-0
-4.47113e+25
1.77988e+28
0
1.74158e+27
1.966e+25
0
-1.37709e+26
1.09555e+25
0
-7.82317e+24
3.45857e+25
0
-9.72776e+25
-1.01192e+27
0
-1.57646e+27
0
-2.68956e+23
0
0
6.57635e+24
0
-0
1.21884e+25
0
-0
-8.71058e+25
0
0
6.27779e+25
-0
-0
-3.16221e+27
0
-0
9.01214e+23
-0
-0
6.56623e+24
-0
0
1.90007e+23
0
-0
-2.49472e+24
0
0
-1.50063e+26
-0
0
3.01189e+27
0
0
-6.05427e+23
0
0
-3.98528e+25
0
0
1.78525e+25
0
0
3.18274e+26
0
-4.89097e+25
-0
3.82417e+26
-5.87856e+25
0
3.95035e+26
-8.11776e+24
-0
4.89461e+25
-7.25337e+26
-0
-3.48366e+27
5.29357e+22
0
-3.5643e+26
4.70698e+25
-0
7.88011e+26
-1.7635e+25
-0
-1.37165e+26
-1.6261e+25
0
-1.37741e+26
4.26435e+25
0
-5.6633e+25
4.94784e+25
0
-5.24701e+25
-4.47113e+25
-0
-1.39071e+26
1.74158e+27
0
3.65166e+27
2.75726e+25
0
-1.93044e+26
1.14485e+25
0
-2.64117e+26
1.77278e+25
0
-1.36629e+26
-1.01823e+27
0
-2.98163e+26
-1.72613e+27
-0
1.37709e+27
-1.80187e+25
0
-9.23066e+24
-4.5915e+25
0
-1.62389e+26
-2.17825e+25
0
-1.8086e+26
-1.75623e+25
0
7.83708e+25
-7.25365e+24
0
5.06733e+25
1.54983e+26
0
-2.56068e+26
1.83964e+25
0
2.38846e+26
-1.01192e+27
-0
1.01823e+27
3.45857e+25
0
-1.77278e+25
1.09555e+25
0
1.14485e+25
1.966e+25
0
2.75726e+25
3.32367e+27
0
-2.41463e+27
-1.44547e+23
0
7.26871e+25
-7.22355e+26
0
7.92013e+25
1.02011e+25
0
8.63346e+25
-0
-1.22345e+27
0
-0
-2.87999e+25
-0
0
-4.11721e+25
0
-0
-1.53721e+24
-0
-0
-4.08823e+23
0
0
-2.23478e+24
-0
0
-3.15334e+26
-0
0
-5.95491e+25
0
-0
3.18274e+26
0
-0
1.78525e+25
-0
0
-3.98528e+25
-0
-0
-6.05427e+23
0
0
2.06866e+27
0
0
-1.01205e+24
0
0
-6.83331e+26
0
0
-2.28404e+24
0
1.06798e+27
0
-2.8495e+28
-8.16772e+25
0
1.03162e+27
3.28197e+25
-0
9.80507e+26
1.57858e+26
-0
1.28422e+27
4.8842e+25
0
-4.80856e+26
4.82474e+25
-0
-4.29637e+26
-1.3187e+26
-0
-4.32128e+26
-1.64111e+26
-0
-7.91057e+26
1.57646e+27
0
-2.98163e+26
9.72776e+25
0
-1.36629e+26
-7.82317e+24
0
-2.64117e+26
-1.37709e+26
-0
-1.93044e+26
-2.41463e+27
-0
2.97425e+28
7.26871e+25
0
-5.94798e+26
-7.92013e+25
0
-3.09073e+26
-8.63346e+25
0
-6.23461e+26
-1.80187e+25
-0
-9.23066e+24
-1.72613e+27
-0
1.37709e+27
-2.17825e+25
-0
-1.8086e+26
-4.5915e+25
-0
-1.62389e+26
-7.25365e+24
-0
5.06733e+25
-1.75623e+25
-0
7.83708e+25
1.83964e+25
-0
2.38846e+26
1.54983e+26
-0
-2.56068e+26
3.45857e+25
-0
-1.77278e+25
-1.01192e+27
-0
1.01823e+27
1.966e+25
-0
2.75726e+25
1.09555e+25
-0
1.14485e+25
-1.44547e+23
-0
7.26871e+25
3.32367e+27
0
-2.41463e+27
1.02011e+25
0
8.63346e+25
-7.22355e+26
0
7.92013e+25
0
-2.87999e+25
0
-0
-1.22345e+27
0
0
-1.53721e+24
0
-0
-4.11721e+25
-0
-0
-2.23478e+24
-0
-0
-4.08823e+23
0
-0
-5.95491e+25
-0
-0
-3.15334e+26
0
0
1.78525e+25
0
-0
3.18274e+26
0
0
-6.05427e+23
-0
-0
-3.98528e+25
0
0
-1.01205e+24
-0
0
2.06866e+27
0
0
-2.28404e+24
0
0
-6.83331e+26
0
-8.16772e+25
0
1.03162e+27
1.06798e+27
0
-2.8495e+28
1.57858e+26
0
1.28422e+27
3.28197e+25
0
9.80507e+26
4.82474e+25
0
-4.29637e+26
4.8842e+25
-0
-4.80856e+26
-1.64111e+26
-0
-7.91057e+26
-1.3187e+26
0
-4.32128e+26
9.72776e+25
0
-1.36629e+26
1.57646e+27
0
-2.98163e+26
-1.37709e+26
-0
-1.93044e+26
-7.82317e+24
0
-2.64117e+26
7.26871e+25
0
-5.94798e+26
-2.41463e+27
-0
2.97425e+28
-8.63346e+25
0
-6.23461e+26
-7.92013e+25
0
-3.09073e+26
-4.5915e+25
0
1.62389e+26
-2.17825e+25
0
1.8086e+26
-1.72613e+27
-0
-1.37709e+27
-1.80187e+25
0
9.23066e+24
1.54983e+26
0
2.56068e+26
1.83964e+25
0
-2.38846e+26
-1.75623e+25
0
-7.83708e+25
-7.25365e+24
0
-5.06733e+25
1.09555e+25
0
-1.14485e+25
1.966e+25
0
-2.75726e+25
-1.01192e+27
-0
-1.01823e+27
3.45857e+25
0
1.77278e+25
-7.22355e+26
0
-7.92013e+25
1.02011e+25
0
-8.63346e+25
3.32367e+27
0
2.41463e+27
-1.44547e+23
0
-7.26871e+25
-0
-4.11721e+25
-0
-0
-1.53721e+24
0
-0
-1.22345e+27
-0
-0
-2.87999e+25
-0
0
-3.15334e+26
0
0
-5.95491e+25
-0
-0
-4.08823e+23
-0
0
-2.23478e+24
-0
0
-3.98528e+25
-0
-0
-6.05427e+23
-0
-0
3.18274e+26
-0
-0
1.78525e+25
0
0
-6.83331e+26
0
-0
-2.28404e+24
-0
0
2.06866e+27
0
0
-1.01205e+24
0
-3.28197e+25
0
9.80507e+26
-1.57858e+26
0
1.28422e+27
-1.06798e+27
-0
-2.8495e+28
8.16772e+25
0
1.03162e+27
1.3187e+26
-0
-4.32128e+26
1.64111e+26
0
-7.91057e+26
-4.8842e+25
0
-4.80856e+26
-4.82474e+25
-0
-4.29637e+26
7.82317e+24
0
-2.64117e+26
1.37709e+26
0
-1.93044e+26
-1.57646e+27
-0
-2.98163e+26
-9.72776e+25
0
-1.36629e+26
7.92013e+25
-0
-3.09073e+26
8.63346e+25
0
-6.23461e+26
2.41463e+27
0
2.97425e+28
-7.26871e+25
0
-5.94798e+26
-2.17825e+25
-0
1.8086e+26
-4.5915e+25
-0
1.62389e+26
-1.80187e+25
-0
9.23066e+24
-1.72613e+27
-0
-1.37709e+27
1.83964e+25
-0
-2.38846e+26
1.54983e+26
-0
2.56068e+26
-7.25365e+24
-0
-5.06733e+25
-1.75623e+25
-0
-7.83708e+25
1.966e+25
-0
-2.75726e+25
1.09555e+25
-0
-1.14485e+25
3.45857e+25
-0
1.77278e+25
-1.01192e+27
-0
-1.01823e+27
1.02011e+25
-0
-8.63346e+25
-7.22355e+26
-0
-7.92013e+25
-1.44547e+23
-0
-7.26871e+25
3.32367e+27
0
2.41463e+27
0
-1.53721e+24
-0
-0
-4.11721e+25
0
0
-2.87999e+25
0
-0
-1.22345e+27
-0
-0
-5.95491e+25
0
-0
-3.15334e+26
0
-0
-2.23478e+24
-0
-0
-4.08823e+23
-0
0
-6.05427e+23
-0
-0
-3.98528e+25
-0
0
1.78525e+25
-0
-0
3.18274e+26
-0
0
-2.28404e+24
-0
-0
-6.83331e+26
-0
0
-1.01205e+24
0
0
2.06866e+27
0
-1.57858e+26
-0
1.28422e+27
-3.28197e+25
0
9.80507e+26
8.16772e+25
-0
1.03162e+27
-1.06798e+27
-0
-2.8495e+28
1.64111e+26
0
-7.91057e+26
1.3187e+26
-0
-4.32128e+26
-4.82474e+25
-0
-4.29637e+26
-4.8842e+25
0
-4.80856e+26
1.37709e+26
0
-1.93044e+26
7.82317e+24
-0
-2.64117e+26
-9.72776e+25
-0
-1.36629e+26
-1.57646e+27
-0
-2.98163e+26
8.63346e+25
0
-6.23461e+26
7.92013e+25
0
-3.09073e+26
-7.26871e+25
-0
-5.94798e+26
2.41463e+27
0
2.97425e+28
