5.20517e+09
-0
-2.27922e+08
-0
6.25943e+09
0
-4.38486e+08
0
3.57787e+09
5.20517e+09
-0
-2.27922e+08
-0
6.25943e+09
0
-4.38486e+08
0
3.57787e+09
5.20517e+09
-0
2.27922e+08
-0
6.25943e+09
0
4.38486e+08
0
3.57787e+09
5.20517e+09
-0
2.27922e+08
-0
6.25943e+09
0
4.38486e+08
0
3.57787e+09
-9.13e+08
0
2.82604e+08
0
-4.88263e+09
0
1.58589e+08
0
-1.27542e+09
-9.13e+08
0
2.82604e+08
0
-4.88263e+09
0
1.58589e+08
0
-1.27542e+09
-9.13e+08
0
-2.82604e+08
0
-4.88263e+09
0
-1.58589e+08
0
-1.27542e+09
-9.13e+08
0
-2.82604e+08
0
-4.88263e+09
0
-1.58589e+08
0
-1.27542e+09
-3.80588e+09
0
2.62609e+08
0
-9.31445e+08
0
3.81175e+08
0
-5.32599e+08
-3.80588e+09
0
2.62609e+08
0
-9.31445e+08
0
3.81175e+08
0
-5.32599e+08
-3.80588e+09
0
-2.62609e+08
0
-9.31445e+08
0
-3.81175e+08
0
-5.32599e+08
-3.80588e+09
0
-2.62609e+08
0
-9.31445e+08
0
-3.81175e+08
0
-5.32599e+08
-4.86345e+08
0
2.94659e+08
0
-4.45308e+08
0
2.40664e+08
0
-1.77067e+09
-4.86345e+08
0
2.94659e+08
0
-4.45308e+08
0
2.40664e+08
0
-1.77067e+09
-4.86345e+08
0
-2.94659e+08
0
-4.45308e+08
0
-2.40664e+08
0
-1.77067e+09
-4.86345e+08
0
-2.94659e+08
0
-4.45308e+08
0
-2.40664e+08
0
-1.77067e+09
