3.79164e+28
0
0
1.84604e+26
-1.92971e+19
0
-3.80773e+28
0
0
-2.38551e+25
1.64736e+19
0
-0
3.79164e+28
0
-1.92971e+19
1.84604e+26
0
0
-3.80773e+28
0
1.64736e+19
-2.38551e+25
0
-0
-0
1.2253e+28
0
0
-1.02346e+27
0
0
-1.20586e+28
0
0
8.28865e+26
1.84604e+26
-1.92971e+19
0
3.79164e+28
-7.77575e+21
0
-2.38551e+25
2.08665e+19
0
-3.80773e+28
-3.73401e+19
0
-1.92971e+19
1.84604e+26
-0
-7.77575e+21
3.79164e+28
0
2.08665e+19
-2.38551e+25
0
-3.73401e+19
-3.80773e+28
0
-0
0
-1.02346e+27
-0
-0
1.2253e+28
0
0
8.28865e+26
0
0
-1.20586e+28
-2.93898e+28
0
0
-1.84124e+25
1.61057e+19
0
2.95995e+28
0
0
-1.91191e+26
-1.92971e+19
0
0
-2.93898e+28
0
1.61057e+19
-1.84125e+25
-0
0
2.95995e+28
0
-1.92971e+19
-1.91191e+26
0
0
0
-9.3074e+27
-0
-0
6.39755e+26
-0
-0
9.60506e+27
0
0
-9.37197e+26
-1.84125e+25
1.2715e+19
-0
-2.93898e+28
-2.88208e+19
0
-1.91191e+26
-1.92971e+19
0
2.95995e+28
6.06989e+21
0
1.2715e+19
-1.84124e+25
0
-2.88208e+19
-2.93898e+28
0
-1.92971e+19
-1.91191e+26
-0
6.06989e+21
2.95995e+28
0
0
-0
6.39755e+26
-0
-0
-9.3074e+27
-0
0
-9.37197e+26
-0
0
9.60506e+27
